<?xml version="1.0"?>
<opencv_storage>
<mat_rt>
  <_ type_id="opencv-matrix">
    <rows>4</rows>
    <cols>4</cols>
    <dt>f</dt>
    <data>
      1. 0. 0. 0. 0. 1. 0. 0. 0. 0. 1. 0. 0. 0. 0. 1.</data></_>
  <_ type_id="opencv-matrix">
    <rows>4</rows>
    <cols>4</cols>
    <dt>f</dt>
    <data>
      9.99203563e-001 -2.69461569e-004 -3.98982838e-002 0.
      2.51989783e-004 9.99999702e-001 -4.42936725e-004 0.
      3.98983955e-002 4.32530069e-004 9.99203503e-001 0. 1.99628547e-001
      2.04767287e-003 -1.15728378e-003 1.</data></_>
  <_ type_id="opencv-matrix">
    <rows>4</rows>
    <cols>4</cols>
    <dt>f</dt>
    <data>
      9.96753573e-001 -2.39419329e-004 -8.05073678e-002 0.
      2.90591881e-004 9.99999344e-001 6.23909058e-004 0. 8.05072039e-002
      -6.45278487e-004 9.96753395e-001 0. 4.03998852e-001
      -3.47086787e-003 -1.67961538e-004 1.</data></_>
  <_ type_id="opencv-matrix">
    <rows>4</rows>
    <cols>4</cols>
    <dt>f</dt>
    <data>
      9.92797315e-001 -1.51714939e-003 -1.19793072e-001 0.
      1.44119177e-003 9.99998391e-001 -7.20703974e-004 0.
      1.19794011e-001 5.42868685e-004 9.92798269e-001 0. 6.03431821e-001
      4.04539611e-003 -6.24966051e-004 1.</data></_>
  <_ type_id="opencv-matrix">
    <rows>4</rows>
    <cols>4</cols>
    <dt>f</dt>
    <data>
      9.87274289e-001 -6.70614128e-004 -1.59023315e-001 0.
      5.45811723e-004 9.99999285e-001 -8.28478893e-004 0.
      1.59023792e-001 7.31139618e-004 9.87274230e-001 0. 8.04788888e-001
      4.46581142e-003 4.57839255e-004 1.</data></_></mat_rt>
</opencv_storage>
